-0.5672423863492533	0.6308266583071385	-0.33025358507288116	-0.09188158184654371	-0.9258296656745997	-0.8981517313000702	0.6701562423715002	0.5035397389044802	-0.7838176081839823
-0.3031904792234026	0.12409893560446239	0.21103775312194584	0.004854370915967188	0.03779479678330855	-0.41987970969786614	-0.49247343780067077	-0.5067142844004531	0.07020858192197466
0.09644747916326679	-0.06289237878617326	-0.18535051255962198	0.33924570343469806	0.3125713095422924	-0.00012696323161964784	-0.5674376913262558	-0.6503394932541511	0.35263112565224697
0.4641797223789794	0.7033323641941074	0.8109546294397001	0.06844507624132534	-0.7074749465617383	-0.49772355277214864	-0.09171184078371253	0.9332407307751209	-0.4738720683132831
-0.41693172091903286	-0.2160271892986989	-0.7070772693673977	0.6193340063104671	0.5745663071478573	0.23790920372362567	-0.1458321696353586	0.5174705582384096	-0.37900819480823955
0.25561376149346016	0.8919820023327123	0.6918875289864097	-0.4385402205817339	-0.5331844369285497	0.4261296280270588	0.24762678844463082	-0.33731159554769574	-0.03059863180063571
0.6496837725262039	0.6551950251592031	-0.025004177990460175	-0.7187242539890466	-0.7427294466610461	-0.33036319882864174	0.08547058306972	-0.04344609620948203	0.9678332344890066
-0.26944393504485786	0.45371839630440247	-0.9300680821612337	-0.10415041433169536	-0.05023586450688855	0.9315119274196579	-0.21968219940552958	-0.7791649282073898	0.6525491891412911
-0.21321972915077003	-0.5682694125697241	0.5947509060044638	-0.6130836038257717	-0.20259709325737862	-0.035674621627544756	0.60812155095658	-0.9817008642775171	0.5787635716572872
-0.47306377203875316	-0.6590028016175609	-0.4141857370840185	0.429898484192063	0.6275089988151343	0.36685508908463227	0.6136952531916768	-0.6422435225922078	0.15529397561198888
-0.736674042743771	0.802296510851793	-0.46295363370494735	-0.4949425656181221	0.38065873359565083	0.9935960582919501	0.6421660314352233	-0.544196327238168	-0.3277327677075901
0.38418892168866803	-0.35636578660910745	-0.2840743634334628	-0.08683808866679676	-0.34536946676177616	0.7384964624837385	-0.24736556455189307	0.7061927022588668	0.8399992151813205
0.8013361765791145	-0.6643584692435742	0.08227531297667401	-0.15790229290961166	0.7976562237429183	-0.9251489269507123	0.8408822785123622	0.2804897299618867	-0.014864768269285733
0.36092706288181065	-0.14497077221792765	-0.4166266262821443	0.5302590619313037	-0.32463146739818427	0.7838281905549564	-0.107185164384203	-0.3301731229083562	-0.6029949255822626
-0.6812984859458289	-0.6204602525019518	0.4762129031917124	0.35554733090763646	0.5979357503445049	0.028735977808180824	-0.3758225530910386	0.5835640194067131	-0.3164745878552564
-0.5035214054699959	-0.028242048355851423	0.8617495387703844	-0.8694163120947067	0.5877668082272693	-0.6989116692692932	0.645624533456167	-0.9940267305212576	-0.30440037932570396
-0.14479204689998948	-0.18094380555765577	0.3122783587970317	-0.10479863711001425	-0.608032495418577	0.26666913961976313	0.27560086623433167	0.659379744450308	0.029062811199738192
-0.27836852186407945	-0.6591714149250176	0.49955859261216506	0.5516524139891064	-0.4029764385567911	-0.8702437315096927	-0.9303317643729456	-0.5455987308263164	-0.03483822775608658
-0.560221318969198	0.18818596066319992	0.3475980902276796	-0.6809829416390696	-0.23842146504709527	-0.4643356384627344	-0.2896064222537871	0.042940554136847275	0.18775666788640777
0.15701522150281155	-0.23276791065035107	-0.6641604874658644	0.7547291128970062	-0.34173014048147543	-0.7210168436862454	0.7528585919047717	0.5909135776706065	0.6810155305167536
-0.09806609806374267	0.742723980580219	-0.16273538583487834	-0.8493820290758638	0.6656423166116143	-0.36806524735049795	0.3612394192446473	-0.4940353017530894	0.1529359494165914
0.5663735186129624	-0.4008623915231544	-0.2581073596129393	0.29760514807410665	-0.13133023992221649	-0.253630035653559	0.455063535979924	-0.8189436862403698	-0.7914360843489567
0.7132506329537653	0.3046896034475597	-0.8454599998636518	0.9804142432409271	-0.44651716608257885	0.016263960221874818	-0.7102625887844751	-0.3584529809614536	0.7193383957538049
0.48839118922869096	-0.07486397432933956	0.6629661397986775	-0.5855901138266555	0.4265369942030417	-0.7891972665297455	-0.8040245612241108	0.4806868739992285	0.1717872960747644
0.44683153914162643	0.5083880724390282	0.07632422532803274	-0.1960559140768785	-0.2774030911447638	0.2511966308769509	0.006671859525817503	-0.9476319642447226	0.8142277281701418
-0.9476694083100403	-0.4821583541544392	0.056121356372391684	-0.05966858481113224	0.5729648885999015	-0.9687036413062002	0.6878235708843974	-0.08235952076298014	-0.452375114501427
0.779686479484726	-0.7112647870496294	0.4960313244266952	-0.7007223028158616	0.10094250505781899	-0.45051038224084383	-0.39339908233866705	0.5771540987332111	0.35503836942969125
0.5624644836758259	-0.3419842035044329	0.5323218527180464	0.20439132275087513	-0.2231463090144592	-0.7218260081190433	-0.6390717632131775	-0.0437428563414719	0.4803583185511582
-0.05836062027003308	0.4294055920492448	-0.3176241725150546	0.6794248113990831	0.9713693589442709	0.014891192218633886	-0.66702796072064	-0.23677188334003896	-0.7123006060107779
0.5150865028239164	-0.06993697220688366	-0.35230966894627835	0.3858867913117243	-0.5102936665274052	0.5417350608381084	-0.8832924695323179	-0.07046366956237371	0.5578664313627559
0.7360593006565845	-0.9964405934031642	-0.7897995554321655	-0.009657951977590784	-0.9399957157464143	-0.4175982585839999	0.6268807106837944	-0.9217454245759602	-0.2942284148166623
-0.5116061818223332	-0.4704947506386672	-0.9806588636023612	0.5615208072363367	-0.40726283175728595	-0.14235574927369976	0.7643149496200761	0.22543084395356106	0.49268552368112717
0.1666019630558071	0.7629743802646316	0.7353798171554047	-0.9044882412454402	-0.5906452808576685	-0.015900638408223866	-0.10607117844601577	-0.27874459370782434	0.3880840365448601
-0.44961285648834215	0.9011289437378402	-0.9504822949485905	-0.8385334596537004	0.1027220607858621	0.4167157396855701	-0.4049870977564263	-0.6975558662150982	-0.5263432881120886
0.6487599404096698	-0.6656808771852813	0.08793117164348896	-0.735273279447274	0.023119109801329252	0.44132547285029045	-0.6382142873660772	0.8093397540706277	0.4919431887763426
0.21147789919198656	-0.5273677099388272	-0.49820463495272715	-0.6231131386228332	0.7584421493487374	0.3842975620545661	0.05219039016594085	-0.7422848718496247	-0.12297911057441047
-0.3913078591437351	0.48836791037226845	-0.5875241956304498	0.6187846949258007	0.9696676655640522	-0.041553801471565954	0.042991686907477344	0.8811766795442457	-0.7830427278827066
-0.13814589110833797	0.18536748481457233	-0.2630733860872674	-0.820254040210671	0.9088817997594982	0.7483986955274595	0.8512962026848196	-0.46118276713589124	-0.7458987351303348
-0.9528266944053638	0.3013302622450089	-0.2090988134667544	0.4192951803851064	-0.2471376869954276	-0.014898858109907653	-0.6424974170955928	-0.8209516563146213	-0.39125771850464286
0.8525048490898177	-0.77594687860678	0.7039930621711443	0.9863191600941592	-0.3296960076081583	0.6790439122651488	-0.592061420743947	-0.012736995843211751	0.4765514189708693
0.6310851395726447	0.3876873943825414	-0.2528357343883516	0.48827604350785014	0.482897464189171	-0.7174983019497745	-0.21890367147233825	-0.7976779990739251	0.9340384808264486
-0.10672763818664466	0.6788720076212069	-0.5253764019341078	0.7448947403418318	-0.3811532945042897	-0.38899611694164005	-0.546194146583082	-0.6977231268933966	-0.7566264498023982
0.40659612306871207	-0.27922413612022634	0.10559698113554061	-0.6683887955641579	0.42984262565113784	-0.5028630584054419	0.882599292061264	-0.6959068596325109	0.3455296456039023
0.4472993214722516	-0.9843600730343516	-0.15386592651382625	0.08841854639484881	-0.8381179462574804	0.07755232057160155	-0.16154647801582245	-0.957173411334026	-0.7114031688708149
-0.6542680113615047	-0.6089387377695035	0.41061669404325096	-0.48921754010549545	-0.29639827574906397	0.0578328353822557	-0.018223000674861822	-0.30660721418706816	0.19130219394149606
-0.21601315508589725	0.6700269595700825	0.31912285781168004	-0.613633679697708	-0.02892952536048643	0.3708008339058999	-0.09170031944967016	0.6603825550261022	0.8611049419975618
-0.3819746560455872	0.5750171577283738	0.45637698254865855	-0.5619970242343442	0.38282682279033997	0.6256186753696631	0.09552824289303974	0.7738647561956946	0.01689236958976048
-0.5319979363546183	-0.4748004453686856	0.7379320562170473	-0.5319500279905691	-0.15398986843837514	-0.26484617878767835	-0.039103565680935315	-0.9359022424060579	0.08447114978926695
-0.2822889756158995	-0.3610843322001913	0.04078281725982924	0.23816803566590172	0.6670656132568631	0.9130292397508253	0.7116117037904193	-0.9933545413235261	-0.12974133312521774
0.6960202451742492	-0.21498629314825823	-0.6235987700397465	-0.7140751510721128	0.7581917194603589	0.18193830183743342	-0.5626516957744268	-0.2550069731010485	0.7016524909480877